0301919011
0302118011
0303149011
0304429010
0304829010
0305430011
1516209821
1516209829
1516209833
1518009121
1518009133
1518009521
1518009129
1518009921
1518009933
1518009929
2710194221
2710194229
2710194290
2710194421
2710194429
2710194433
2710194621
2710194629
2710194633
2710194721
2710194729
2710194733
2710194810
2710194890
2710198120
2710198130
2710198140
2710198190
2710198300
2710201121
2710201129
2710201133
2710201621
2710201629
2710201633
2710201693
2710201910
2710201990
2823000030
2823000080
2823000083
2823000010
3102290010
3102309000
3102409000
3102600010
3102900010
3105100010
3105100030
3105100020
3105100040
3105100050
3105201030
3105201040
3105201060
3105201050
3105510010
3105510020
3105510040
3105590020
3105590010
3105510030
3105590030
3105590040
3105902030
3105902040
3105902050
3105902060
3206110010
3206110030
3206110085
3206110080
3602000010
3824999217
3824999214
3824999210
3826001020
3826001059
3826001050
3826001029
3826001089
3826001099
3826009019
3826009011
3826009033
3901101020
3901101060
3901101050
3901101090
3901109030
3901109090
3901400010
3901400050
3901400030
3901400060
3901400090
3901908099
3904100015
3904100080
3907610020
3907610080
3924900010
4011209000
4012120010
4421999910
6802210000
6802290000
6802910010
6802910090
6802920010
6802920090
6907220000
6907210000
6907400000
6907230000
6907300000
6911100090
6912002191
6912002111
6912002910
6912002310
6912002510
7010901000
7010904100
7010904300
7010904700
7010904500
7010906700
7010905700
7010905500
7010905300
7010905100
7010906100
7010907900
7010907100
7010909100
7010909900
7208250000
7208100000
7208270000
7208260000
7208370090
7208370010
7208390010
7208360000
7208400090
7208380010
7208390090
7208380090
7208400010
7208512010
7208512090
7208519810
7208519890
7208519190
7208519110
7208529110
7208521000
7208529190
7208539000
7208531000
7208529900
7208902090
7208902010
7208908010
7208908020
7208908090
7208540000
7210110010
7210110090
7210128090
7210122090
7210122010
7210128010
7210410030
7210410020
7210490030
7210490020
7210500090
7210500010
7210610030
7210690020
7210690030
7210610020
7210701019
7210701095
7210701091
7210701015
7210708023
7210708020
7210708025
7210708011
7210708092
7210708091
7210708093
7210708095
7210904010
7210903090
7210904090
7210908020
7210903010
7210908091
7210908029
7210908099
7211130011
7210908092
7211130019
7211140091
7211140095
7211140010
7211190095
7211190091
7212101000
7212109011
7212109019
7212109090
7212300080
7212300030
7212300020
7212300090
7212402010
7212402093
7212402099
7212402019
7212402091
7212408001
7212408012
7212408014
7212408015
7212408021
7212408033
7212408030
7212408035
7212408085
7212408087
7212408081
7212408080
7212502011
7212502090
7211190010
7212502019
7212408082
7212506130
7212506920
7212506930
7212506120
7212509014
7212509092
7213100000
7213200000
7213912000
7213911000
7213917000
7213914900
7213914100
7213919000
7213999000
7213991000
7214200010
7212408086
7225191090
7225309000
7225404000
7225406010
7225406090
7225409000
7225920020
7225920030
7225990022
7225990011
7225990023
7225990041
7225990045
7225990093
7225990092
7225990091
7226191091
7226191095
7226919111
7226993010
7226919900
7226919119
7226997093
7226997094
7226997013
7226997091
7226993030
7227200000
7227100000
7227901000
7227905000
7227909500
7226997011
7228306911
7228306100
7228304900
7228304100
7228302000
7228308900
7228306999
7228307000
7306304120
7306304920
7306307280
7306307780
7312108112
7312108119
7312108113
7312108312
7312108313
7312108319
7312108519
7312108513
7312108512
7312108912
7312108913
7312108919
7312109812
7312109813
7312109819
7323930010
7323990010
7325991060
7325100031
7604101011
7604101090
7604109011
7604109029
7604109025
7604109019
7604210000
7604109080
7604109089
7604299010
7604299020
7604291000
7604299090
7607111111
7607111119
7607191011
7607191019
7608100080
7608100020
7608100089
7608100019
7608100011
7608208110
7608208190
7608208910
7608208920
7608208990
7610909010
8101991000
8427101010
8427109000
8427209000
8427101090
8427201910
8427900080
8428102000
8428108000
8427201990
8428909020
8428909080
8429521000
8431200060
8431310000
8431390010
8431390090
8515908090
8516797010
8516900051
8544700010
8708701015
8708701050
8708705015
8708705050
8711601000
8712003020
8712003010
8712003090
8711609010
8712007091
8712007099
8712007092
8714911031
8714911035
8714911039
8714913035
8714913039
8714930019
8714942099
8714949019
8714963090
8714991099
8714991089
8714995099
8714995091
8714999019